17853985
16155805
18973560
39783227
41770139
26096912
19890175
16742952
16133105
16194422
16140353
16152996
16139671
16131110
16163097
16143686
16159284
16136636
16210929
16160507
16137757
16290019
16146662
16160596
16138623
16290647
16135023
16129094
16156213
16155148
16134864
16142488
16137186
16147602
16130162
16300454
16145614
16136049
16142333
16140586
16288170
16140852
16153188
16134665
16128640
16137256
16136266
16169437
16139543
16437220
16145089
16160876
16155552
16133660
16300272
16153256
16182038
16148692
16171028
16152425
16355501
16156022
16148592
16177950
16143534
16194622
16174219
16179208
16241192
16197613
16217690
16187098
16433753
16208668
18006918
16292418
16202161
16211287
16181984
16184080
16169244
16286888
16318361
16178822
16185747
16149669
16276790
16180756
16160602
16159777
16164862
16309530
16139749
16131723
16132005
16268995
16157688
16142081
16171264
16149712
16401064
16151731
16074011
16168228
16129254
16229150
16166091
16150825
16132850
16153310
16149526
16120421
16045902
16154691
16101520
16133963
16129158
16168577
16251572
16248738
16377636
16129325
16151994
16269757
16399867
16131375
16082017
16131709
16130753
16180087
16128099
16169322
16132897
16269030
16128626
16152727
16155944
16125142
16276730
16149725
16139729
16149968
16165169
16147460
16173320
16167024
16292162
16146592
16059569
20471942
20311922
20814381
17458314
16046211
16078392
16224137
16206994
16301514
16071375
16060537
16061969
16074319
16055126
16072550
16053808
16159413
16054881
16176760
16057766
15996527
16101659
16068466
16049539
16067811
16041841
16074695
16095412
16086591
16046766
16100641
16058620
16222092
16113037
16072953
16085939
16105317
16087898
16097675
16216090
16100273
16160536
16140548
16157014
16134149
16163573
16237961
16182988
16118054
16124005
16138916